Analyzing BioKG for redundancies in training & validation.
Number of predicates P: 17
Adding 2057658 triples to a new hash map from train2id.txt
[21081, 15556, 1327147, 4868, 3533, 27926, 803, 66521, 5045, 5087, 15151, 3025, 87012, 113284, 108776, 248973, 3870]

Analyzing FB13 for redundancies in training & validation.
Number of predicates P: 13
Adding 316232 triples to a new hash map from train2id.txt
[8112, 10816, 40579, 45931, 28783, 59423, 47581, 37970, 15566, 6041, 6268, 4464, 4698]

Analyzing FB15K for redundancies in training & validation.
Number of predicates P: 1345
Adding 483142 triples to a new hash map from train2id.txt
[298, 1278, 2671, 8431, 2262, 2269, 1092, 9466, 2265, 9494, 9439, 9465, 816, 15998, 652, 2655, 2835, 1429, 2882, 2997, 12893, 2570, 5858, 5186, 2030, 2245, 12166, 2785, 5204, 182, 11636, 6041, 11547, 199, 596, 7331, 1004, 12175, 5952, 1908, 2640, 798, 2468, 5945, 2649, 623, 6094, 2728, 2407, 2130, 3310, 57, 7268, 6196, 2337, 373, 1210, 476, 1070, 622, 760, 6278, 697, 1929, 1537, 676, 37, 1772, 28, 1938, 421, 2591, 3311, 3721, 734, 1511, 18, 2592, 332, 5680, 2732, 785, 296, 151, 4198, 183, 749, 18, 756, 254, 98, 5927, 692, 153, 1900, 142, 125, 2154, 807, 547, 64, 459, 396, 738, 497, 2055, 603, 475, 291, 856, 579, 46, 26, 756, 2485, 169, 5, 814, 664, 3740, 93, 788, 207, 688, 1153, 335, 94, 64, 3009, 2073, 17, 6, 760, 256, 384, 361, 3795, 721, 3472, 1, 2226, 376, 1404, 125, 715, 280, 1286, 423, 697, 526, 160, 609, 360, 1086, 852, 1061, 1797, 1285, 7, 8, 982, 135, 80, 2, 5694, 2257, 123, 1276, 2909, 1568, 464, 2320, 850, 538, 46, 63, 348, 389, 278, 243, 11, 2257, 285, 122, 2331, 429, 1327, 85, 123, 215, 331, 689, 748, 167, 21, 456, 717, 233, 100, 1156, 783, 30, 2622, 859, 627, 909, 381, 192, 351, 978, 1010, 456, 787, 21, 225, 70, 21, 305, 92, 494, 194, 414, 142, 100, 345, 1260, 181, 1039, 607, 259, 411, 26, 250, 789, 60, 246, 349, 52, 90, 4, 775, 449, 311, 75, 24, 532, 355, 1138, 111, 7, 728, 48, 330, 404, 128, 537, 154, 300, 360, 215, 562, 3500, 55, 221, 118, 424, 161, 610, 188, 750, 750, 190, 641, 64, 12, 147, 411, 312, 386, 662, 378, 966, 328, 218, 190, 490, 390, 112, 134, 259, 475, 173, 77, 178, 721, 137, 782, 574, 420, 141, 61, 234, 445, 31, 19, 533, 157, 535, 44, 46, 370, 39, 35, 601, 121, 209, 78, 345, 119, 116, 184, 122, 409, 747, 217, 61, 1151, 172, 394, 280, 192, 21, 175, 77, 12, 490, 344, 298, 27, 70, 307, 19, 411, 10, 643, 179, 35, 29, 316, 552, 417, 26, 35, 42, 7, 271, 363, 19, 236, 22, 72, 107, 476, 212, 104, 41, 32, 7, 125, 85, 21, 23, 4, 95, 96, 120, 51, 56, 334, 61, 179, 113, 928, 573, 536, 101, 81, 36, 19, 335, 260, 113, 41, 581, 56, 532, 131, 352, 296, 218, 127, 67, 62, 58, 114, 73, 27, 42, 96, 170, 707, 760, 102, 31, 111, 148, 14, 28, 336, 480, 158, 25, 269, 83, 29, 12, 41, 179, 103, 206, 3, 343, 69, 79, 43, 74, 210, 126, 260, 181, 40, 47, 264, 66, 427, 187, 297, 12, 20, 103, 31, 101, 80, 156, 76, 6, 166, 101, 36, 25, 5, 208, 98, 58, 104, 144, 25, 43, 27, 137, 144, 144, 3, 51, 36, 14, 246, 121, 232, 141, 160, 191, 95, 181, 75, 77, 65, 46, 15, 36, 109, 14, 61, 19, 109, 124, 3, 46, 29, 198, 71, 195, 39, 127, 69, 121, 39, 50, 156, 34, 131, 53, 44, 45, 53, 172, 21, 54, 163, 74, 329, 84, 51, 26, 220, 56, 6, 68, 15, 17, 146, 28, 17, 2, 40, 52, 8, 61, 27, 8, 177, 107, 40, 8, 126, 256, 14, 38, 225, 11, 52, 133, 1, 6, 52, 25, 17, 52, 59, 60, 48, 17, 115, 1, 101, 62, 251, 117, 190, 37, 4, 78, 12, 158, 2, 26, 34, 9, 31, 80, 32, 87, 18, 39, 25, 69, 67, 14, 98, 137, 6, 30, 48, 37, 9, 29, 8, 7, 19, 21, 77, 19, 48, 3, 8, 114, 44, 37, 21, 101, 3, 3, 42, 29, 69, 37, 164, 73, 34, 17, 57, 133, 141, 75, 36, 77, 13, 64, 17, 85, 49, 43, 22, 22, 3, 26, 24, 180, 2, 61, 16, 51, 65, 38, 171, 108, 1, 39, 16, 47, 132, 46, 18, 21, 17, 112, 16, 51, 11, 24, 102, 3, 37, 71, 17, 62, 3, 34, 4, 32, 3, 15, 46, 15, 169, 8, 136, 21, 3, 36, 62, 14, 21, 45, 68, 5, 11, 65, 5, 15, 3, 26, 92, 28, 5, 70, 65, 28, 40, 5, 27, 79, 5, 73, 21, 8, 2, 20, 3, 8, 10, 32, 7, 10, 25, 24, 40, 39, 11, 6, 149, 4, 5, 51, 4, 8, 49, 2, 18, 2, 20, 16, 95, 19, 8, 133, 2, 4, 3, 23, 16, 2, 2, 9, 6, 32, 17, 19, 21, 40, 41, 7, 1, 9, 8, 10, 19, 4, 3, 21, 30, 17, 32, 49, 20, 4, 69, 22, 24, 41, 39, 11, 25, 33, 4, 11, 34, 7, 21, 12, 10, 24, 11, 6, 16, 11, 5, 28, 12, 3, 15, 16, 37, 31, 7, 3, 14, 12, 60, 2, 1, 6, 4, 5, 20, 8, 17, 26, 14, 100, 10, 31, 20, 19, 31, 1, 32, 5, 13, 38, 3, 7, 19, 14, 36, 27, 20, 25, 15, 15, 20, 7, 5, 8, 53, 8, 5, 15, 15, 2, 12, 6, 5, 80, 5, 30, 23, 17, 106, 29, 40, 20, 1, 8, 14, 4, 4, 11, 8, 16, 1, 26, 4, 3, 13, 8, 25, 32, 5, 6, 8, 5, 10, 5, 16, 8, 9, 4, 3, 1, 12, 7, 37, 4, 1, 8, 17, 6, 25, 19, 4, 33, 19, 1, 51, 1, 1, 29, 6, 17, 22, 8, 32, 30, 11, 7, 12, 7, 1, 11, 12, 4, 6, 4, 12, 12, 2, 18, 10, 5, 14, 10, 31, 10, 7, 6, 3, 12, 3, 5, 1, 12, 5, 23, 13, 18, 10, 39, 4, 7, 3, 23, 8, 10, 28, 2, 6, 16, 2, 5, 4, 2, 3, 20, 19, 1, 8, 6, 25, 8, 12, 3, 4, 23, 21, 4, 34, 5, 14, 8, 19, 8, 4, 3, 1, 5, 12, 38, 1, 9, 1, 17, 9, 2, 17, 4, 15, 6, 7, 6, 14, 12, 4, 7, 7, 9, 7, 4, 1, 2, 2, 4, 8, 11, 5, 2, 20, 6, 6, 2, 15, 1, 10, 13, 6, 9, 6, 5, 13, 5, 1, 1, 5, 1, 14, 9, 15, 8, 1, 2, 7, 1, 4, 11, 13, 8, 5, 15, 5, 3, 1, 2, 8, 5, 2, 1, 8, 5, 4, 16, 13, 1, 1, 20, 4, 8, 28, 7, 7, 5, 5, 20, 17, 1, 2, 3, 2, 10, 1, 5, 4, 5, 7, 5, 7, 26, 2, 8, 13, 1, 2, 2, 4, 2, 1, 1, 1, 14, 1, 4, 6, 2, 4, 3, 4, 1, 4, 19, 1, 1, 1, 5, 2, 3, 4, 4, 1, 4, 9, 9, 2, 1, 1, 2, 4, 5, 7, 3, 9, 1, 1, 2, 3, 2, 5, 2, 2, 4, 6, 10, 3, 1, 3, 2, 5, 2, 17, 1, 1, 4, 3, 8, 18, 1, 1, 1, 2, 2, 4, 3, 5, 1, 4, 1, 7, 8, 1, 3, 4, 2, 2, 2, 1, 1, 1, 1, 2, 4, 1, 2, 3, 1, 7, 2, 3, 4, 12, 2, 4, 3, 5, 2, 2, 7, 1, 2, 5, 4, 2, 7, 5, 1, 2, 3, 2, 3, 4, 3, 2, 1, 4, 1, 2, 3, 2, 2, 1, 3, 3, 1, 2, 3, 1, 3, 2, 5, 1, 2, 2, 6, 2, 1, 3, 2, 2, 1, 4, 1, 1, 5, 3, 2, 2, 4, 1, 6, 2, 1, 5, 2, 2, 1, 1, 6, 1, 4, 2, 2, 4, 1, 1, 5, 2, 2, 2, 1, 1, 4, 2, 1, 4, 1, 1, 1, 1, 4, 3, 3, 2, 2, 3, 1, 1, 3, 1, 1, 1, 1, 1, 1, 1, 1, 1, 1, 2, 3, 2, 2, 2, 4, 2, 4, 1, 1, 1, 1, 1, 1, 1, 1, 2, 1, 1, 2, 1, 1, 1, 1, 1, 1, 1, 1, 1, 2, 1, 2, 4, 1, 1, 2, 1, 1, 2, 1, 1, 2, 1, 1, 1, 1, 1, 1, 1, 2, 1, 1, 1, 1, 1, 1, 1, 1, 1, 1, 1]

Analyzing FB15K237 for redundancies in training & validation.
Number of predicates P: 237
Adding 272115 triples to a new hash map from train2id.txt
[298, 1272, 2671, 8423, 2262, 2265, 9494, 9465, 15989, 2655, 2834, 1429, 2992, 12893, 2570, 5201, 182, 10945, 596, 12157, 5880, 1908, 2640, 797, 2465, 3612, 5305, 2727, 2407, 2130, 3310, 7268, 2337, 373, 1210, 1070, 622, 760, 6277, 695, 676, 1772, 1938, 3717, 734, 1511, 330, 5673, 4197, 183, 737, 254, 678, 153, 142, 93, 459, 497, 2051, 603, 475, 856, 579, 756, 814, 664, 3738, 204, 688, 1153, 335, 2063, 760, 256, 384, 3795, 2226, 1404, 125, 269, 423, 526, 1085, 852, 1285, 2909, 1568, 463, 276, 2257, 285, 121, 1327, 215, 331, 689, 437, 717, 233, 100, 783, 2622, 859, 909, 381, 192, 977, 1006, 456, 787, 225, 305, 494, 142, 100, 345, 1039, 607, 411, 250, 788, 246, 349, 449, 728, 128, 154, 300, 360, 215, 3500, 424, 161, 610, 750, 386, 662, 966, 218, 190, 259, 475, 178, 721, 137, 416, 533, 157, 535, 121, 345, 122, 747, 217, 1151, 394, 192, 490, 305, 316, 552, 417, 271, 363, 236, 107, 476, 125, 179, 573, 536, 101, 335, 113, 581, 131, 352, 218, 125, 114, 102, 102, 148, 336, 158, 268, 179, 103, 343, 260, 181, 264, 427, 187, 296, 156, 166, 101, 208, 104, 137, 144, 142, 246, 121, 141, 160, 191, 181, 37, 109, 90, 180, 198, 192, 121, 154, 131, 172, 220, 146, 225, 133, 101, 251, 117, 137, 114, 99, 162, 180, 108, 112, 102, 149, 100, 106]

Analyzing Hetionet for redundancies in training & validation.
Number of predicates P: 24
Adding 2238946 triples to a new hash map from train2id.txt
[101737, 523730, 97382, 11518, 138274, 20982, 388, 6454, 751, 18678, 12552, 7591, 3593, 3334, 538, 7695, 61413, 146453, 556666, 73185, 96724, 83977, 264307, 1024]

Analyzing NELL-995 for redundancies in training & validation.
Number of predicates P: 200
Adding 149678 triples to a new hash map from resplit_train2id.txt
[1294, 5362, 15175, 4073, 497, 132, 655, 3320, 128, 260, 6332, 4272, 470, 638, 1197, 1356, 255, 288, 4668, 203, 907, 416, 969, 595, 245, 1117, 1030, 511, 1148, 1493, 1745, 389, 124, 123, 554, 418, 347, 1928, 358, 621, 442, 184, 694, 143, 155, 140, 192, 429, 206, 351, 1302, 234, 171, 230, 315, 147, 1582, 320, 230, 301, 614, 86, 84, 378, 650, 1429, 669, 209, 339, 362, 550, 826, 384, 2273, 109, 383, 287, 433, 213, 343, 341, 92, 562, 242, 1393, 482, 321, 913, 330, 529, 230, 1326, 414, 802, 242, 194, 844, 847, 400, 441, 125, 127, 103, 491, 147, 133, 92, 312, 528, 111, 358, 225, 85, 378, 1226, 2087, 348, 400, 1194, 383, 137, 148, 1061, 1486, 402, 205, 544, 105, 427, 886, 601, 341, 428, 113, 2472, 259, 2083, 384, 200, 527, 271, 1812, 560, 531, 229, 1369, 129, 690, 170, 92, 2242, 144, 501, 794, 134, 899, 166, 272, 352, 289, 941, 90, 111, 2037, 248, 3411, 202, 250, 239, 564, 2361, 208, 1185, 144, 367, 369, 703, 116, 91, 774, 158, 214, 404, 167, 183, 94, 730, 213, 311, 363, 352, 143, 160, 118, 612, 159, 276, 1001, 993, 361]

Analyzing WN11 for redundancies in training & validation.
Number of predicates P: 11
Adding 112581 triples to a new hash map from train2id.txt
[30556, 3976, 36178, 9146, 6600, 6139, 9223, 1659, 3778, 4227, 1099]

Analyzing WN18 for redundancies in training & validation.
Number of predicates P: 18
Adding 141442 triples to a new hash map from train2id.txt
[3118, 7402, 29715, 923, 80, 34796, 7382, 2921, 629, 3116, 34832, 2935, 632, 4816, 1138, 4805, 903, 1299]

Analyzing WN18RR for redundancies in training & validation.
Number of predicates P: 11
Adding 86835 triples to a new hash map from train2id.txt
[34796, 29715, 2921, 1299, 7402, 3116, 4816, 629, 923, 1138, 80]

Analyzing YAGO3-10 for redundancies in training & validation.
Number of predicates P: 37
Adding 1079040 triples to a new hash map from train2id.txt
[32055, 19, 7348, 5064, 32155, 378, 88672, 6047, 109, 321024, 5481, 726, 2163, 9248, 66163, 3083, 239, 6933, 2980, 1302, 298, 3757, 7754, 957, 5150, 555, 5056, 914, 24068, 3455, 68, 393, 2566, 373783, 44978, 10710, 3389]